_C_3608a_5ea13221_5 8c 0 6a8 0 0 25622c20 0 6564413d 0 68696674 0 622c2073 0 64423d25 0 69667465 0 2c207368 0 313d2562 0 206c7362 0 20202020 0 20202020 0 20202020 0 20202020 0 20202020 0 25622c20 0 6966743d 0 656e5368 0 25622c20 0 206c643d 0 3d25622c 0 724f7574 0 2c20636c 0 413d2562 0 20616464 0 20202020 0 20202020 0 20202020 0 20202020 0 20202020 0 622c0a20 0 64643d25 0 6f6e6541 0 622c2064 0 70423d25 0 20666c69 0 3d25622c 0 6c697041 0 622c2066 0 6e653d25 0 2020646f 0 20202020 0 20202020 0 20202020 0 20202020 0 20202020 0 3d25622c 0 64756374 0 2050726f 0 3d25622c 0 622c2042 0 20413d25 0 3d25732c 0 74617465 0 73 
_C_3608a_5ea13221_3 84 0 14 0 0 fffe0 
_C_366cb_5ea132ba_1 84 0 15 0 0 1fffe0 
_C_366cb_5ea132ba_3 8c 0 6e8 0 0 743d2562 0 73746172 0 25622c20 0 6564413d 0 68696674 0 622c2073 0 64423d25 0 69667465 0 2c207368 0 313d2562 0 206c7362 0 20202020 0 20202020 0 20202020 0 20202020 0 20202020 0 25622c20 0 6966743d 0 656e5368 0 25622c20 0 206c643d 0 3d25622c 0 724f7574 0 2c20636c 0 413d2562 0 20616464 0 20202020 0 20202020 0 20202020 0 20202020 0 20202020 0 622c0a20 0 64643d25 0 6f6e6541 0 622c2064 0 70423d25 0 20666c69 0 3d25622c 0 6c697041 0 622c2066 0 6e653d25 0 2020646f 0 20202020 0 20202020 0 20202020 0 20202020 0 20202020 0 3d25622c 0 64756374 0 2050726f 0 3d25622c 0 622c2042 0 20413d25 0 3d25732c 0 74617465 0 73 
_C_37cba_5ea13429_1 84 0 17 0 0 3fffe0 
_C_3608a_5ea13221_2 8c 0 360 0 0 2535642e 0 696d6520 0 61742074 0 256d2c20 0 666f7220 0 33372c20 0 696e6520 0 222c206c 0 6d2e7376 0 20226673 0 20202020 0 a202020 0 656e742e 0 6174656d 0 27207374 0 63617365 0 71756520 0 27756e69 0 20696e20 0 63686573 0 206d6174 0 74696f6e 0 6f6e6469 0 4e6f2063 0 6e673a20 0 61726e69 0 52542057 
_C_3608a_5ea13221_7 84 0 8 0 0 0 
_C_3092d_5ea21a31_2 8c 0 808 0 0 3d202562 0 456e6420 0 666c6970 0 20202020 0 20202020 0 20202020 0 20202020 0 20202020 0 200a2020 0 743d2562 0 73746172 0 25622c20 0 6564413d 0 68696674 0 622c2073 0 64423d25 0 69667465 0 2c207368 0 313d2562 0 206c7362 0 20202020 0 20202020 0 20202020 0 20202020 0 20202020 0 25622c20 0 6966743d 0 656e5368 0 25622c20 0 206c643d 0 3d25622c 0 724f7574 0 2c20636c 0 413d2562 0 20616464 0 20202020 0 20202020 0 20202020 0 20202020 0 20202020 0 622c0a20 0 64643d25 0 6f6e6541 0 622c2064 0 70423d25 0 20666c69 0 3d25622c 0 6c697041 0 622c2066 0 6e653d25 0 2020646f 0 20202020 0 20202020 0 20202020 0 20202020 0 20202020 0 3d25682c 0 64756374 0 2050726f 0 3d25622c 0 622c2042 0 20413d25 0 3d25732c 0 74617465 0 73 
_C_37cba_5ea13429_3 8c 0 808 0 0 3d202562 0 456e6420 0 666c6970 0 20202020 0 20202020 0 20202020 0 20202020 0 20202020 0 200a2020 0 743d2562 0 73746172 0 25622c20 0 6564413d 0 68696674 0 622c2073 0 64423d25 0 69667465 0 2c207368 0 313d2562 0 206c7362 0 20202020 0 20202020 0 20202020 0 20202020 0 20202020 0 25622c20 0 6966743d 0 656e5368 0 25622c20 0 206c643d 0 3d25622c 0 724f7574 0 2c20636c 0 413d2562 0 20616464 0 20202020 0 20202020 0 20202020 0 20202020 0 20202020 0 622c0a20 0 64643d25 0 6f6e6541 0 622c2064 0 70423d25 0 20666c69 0 3d25622c 0 6c697041 0 622c2066 0 6e653d25 0 2020646f 0 20202020 0 20202020 0 20202020 0 20202020 0 20202020 0 3d25622c 0 64756374 0 2050726f 0 3d25622c 0 622c2042 0 20413d25 0 3d25732c 0 74617465 0 73 
_C_3608a_5ea13221_1 8c 0 360 0 0 2535642e 0 696d6520 0 61742074 0 256d2c20 0 666f7220 0 31332c20 0 696e6520 0 222c206c 0 6d2e7376 0 20226673 0 20202020 0 a202020 0 656e742e 0 6174656d 0 27207374 0 63617365 0 71756520 0 27756e69 0 20696e20 0 63686573 0 206d6174 0 74696f6e 0 6f6e6469 0 4e6f2063 0 6e673a20 0 61726e69 0 52542057 
_C_3608a_5ea13221_6 94 0 20 0 0 1 
