_C_3d27a_5e6b2953_1 84 0 e 0 0 3fe0 
_C_16bf7_5e6ac0cc_3 8c 0 80 0 0 433d2462 0 25642c20 0 2c20423d 0 413d2564 
_C_387bb_5e6ae1c4_3 8c 0 338 0 0 743d2562 0 73746172 0 25622c20 0 745f4c3d 0 72657365 0 25622c20 0 6f6e653d 0 20202064 0 20202020 0 20202020 0 20202020 0 20202020 0 2c202020 0 653d2564 0 76616c75 0 25622c20 0 7574433d 0 20696e70 0 3d25622c 0 70757442 0 2c20696e 0 413d2564 0 6e707574 0 732c2069 0 74653d25 0 737461 
_C_19c69_5e6ac2ad_2 8c 0 138 0 0 423d2562 0 20416571 0 3d25622c 0 41677442 0 25622c20 0 6c74423d 0 642c2041 0 42313d25 0 25642c20 0 41313d 
_C_19eb0_5e6ac2d4_2 8c 0 d8 0 0 723d2562 0 636c6561 0 25642c20 0 20656e3d 0 3d25642c 0 642c2044 0 513d25 
_C_2ef64_5e6b1b5f_3 8c 0 1a0 0 0 743d2562 0 72657365 0 25622c20 0 7075743d 0 7374496e 0 20666972 0 3d25622c 0 436f7574 0 25622c20 0 43696e3d 0 25622c20 0 2c20423d 0 413d2562 
_C_33ad5_5e6add00_1 8c 0 388 0 0 2535642e 0 696d6520 0 61742074 0 256d2c20 0 666f7220 0 31312c20 0 696e6520 0 222c206c 0 352e7376 0 70726f62 0 22687737 0 20202020 0 20202020 0 6e742e0a 0 74656d65 0 20737461 0 61736527 0 75652063 0 756e6971 0 696e2027 0 68657320 0 6d617463 0 696f6e20 0 6e646974 0 6f20636f 0 673a204e 0 726e696e 0 54205761 0 52 
_C_33086_5e6b1eff_1 84 0 c 0 0 fe0 
_C_17b19_5e6ac1a3_2 8c 0 108 0 0 533d2564 0 25622c20 0 6f75743d 0 622c2043 0 696e3d25 0 642c2043 0 20423d25 0 3d25642c 0 41 
_C_16ecf_5e6ac117_2 8c 0 108 0 0 533d2564 0 25622c20 0 6f75743d 0 622c2043 0 696e3d24 0 642c2043 0 20423d25 0 3d25642c 0 41 
_C_3d27a_5e6b2953_3 8c 0 370 0 0 6e3d2562 0 622c2065 0 72743d25 0 20737461 0 3d25622c 0 65745f4c 0 20726573 0 3d25622c 0 646f6e65 0 20202020 0 20202020 0 20202020 0 20202020 0 20202020 0 642c2020 0 75653d25 0 2076616c 0 3d25622c 0 70757443 0 2c20696e 0 423d2562 0 6e707574 0 642c2069 0 74413d25 0 696e7075 0 25732c20 0 6174653d 0 7374 
_C_18a0d_5e6ac1e9_3 8c 0 c0 0 0 533d2562 0 25622c20 0 2c20593d 0 313d2562 0 622c2049 0 49303d25 
_C_16bf7_5e6ac0cc_1 84 0 a 0 0 3e0 
_C_18dbd_5e6ac21c_1 84 0 8 0 0 e0 
_C_2e22e_5e6b1a63_2 8c 0 d8 0 0 743d2562 0 20436f75 0 3d25622c 0 2043696e 0 3d25622c 0 622c2042 0 413d25 
_C_18dbd_5e6ac21c_3 8c 0 88 0 0 443d2562 0 25622c20 0 20656e3d 0 3d25642c 0 49 
_C_1994e_5e6ac279_2 8c 0 80 0 0 533d2564 0 25622c20 0 2c20593d 0 493d2562 
_C_387bb_5e6ae1c4_1 84 0 d 0 0 1fe0 
_C_2ea69_5e6b1ad9_2 8c 0 150 0 0 743d2562 0 496e7075 0 69727374 0 622c2066 0 75743d25 0 2c20436f 0 6e3d2562 0 2c204369 0 423d2562 0 25622c20 0 413d 
_C_33086_5e6b1eff_3 8c 0 280 0 0 733d2573 0 25622c20 0 7365743d 0 2c207265 0 743d2562 0 496e7075 0 69727374 0 20202066 0 20202020 0 20202020 0 20202020 0 20202020 0 20202020 0 3d25622c 0 436f7574 0 25622c20 0 43696e3d 0 25622c20 0 2c20423d 0 413d2562 
_C_2ef64_5e6b1b5f_1 84 0 b 0 0 7e0 
_C_3f155_5e6b2ad1_1 8c 0 388 0 0 2535642e 0 696d6520 0 61742074 0 256d2c20 0 666f7220 0 32322c20 0 696e6520 0 222c206c 0 362e7376 0 70726f62 0 22687737 0 20202020 0 20202020 0 6e742e0a 0 74656d65 0 20737461 0 61736527 0 75652063 0 756e6971 0 696e2027 0 68657320 0 6d617463 0 696f6e20 0 6e646974 0 6f20636f 0 673a204e 0 726e696e 0 54205761 0 52 
_C_18a0d_5e6ac1e9_1 84 0 9 0 0 1e0 
_C_33ad5_5e6add00_2 94 0 20 0 0 1 
