_C_6aa5_5e81911e_3 8c 0 320 0 0 3d202562 0 636c7220 0 642c2043 0 696e3d25 0 642c2064 0 73633d25 0 25622c20 0 6174653d 0 20207374 0 20202020 0 20202020 0 20202020 0 20202020 0 20202020 0 743d2562 0 6f776269 0 642c206c 0 75743d25 0 20645f6f 0 2025622c 0 6f72203d 0 622c2064 0 64793d25 0 5f726561 0 645f696e 
_C_2d742_5e812f9a_d 8c 0 118 0 0 743d2562 0 206c6566 0 3d25622c 0 6c6f6164 0 25642c20 0 20656e3d 0 3d25642c 0 642c2044 0 513d25 
_C_2d742_5e812f9a_c 8c 0 200 0 0 703d2562 0 622c2075 0 61643d25 0 20206c6f 0 20202020 0 20202020 0 20202020 0 20202020 0 20202020 0 3d256220 0 6c656172 0 642c2063 0 656e3d25 0 25642c20 0 2c20443d 0 513d2564 
_C_2d742_5e812f9a_3 8c 0 138 0 0 423d2562 0 20416571 0 3d25622c 0 41677442 0 25622c20 0 6c74423d 0 642c2041 0 42313d25 0 25642c20 0 41313d 
_C_2d742_5e812f9a_f 8c 0 108 0 0 793d2564 0 622c2062 0 61643d25 0 2c206c6f 0 6e3d2564 0 642c2065 0 20443d25 0 3d25642c 0 51 
_C_2d742_5e812f9a_a 8c 0 d8 0 0 723d2562 0 636c6561 0 25642c20 0 20656e3d 0 3d25642c 0 642c2044 0 513d25 
_C_5a15_5e818e13_2 8c 0 250 0 0 653d2573 0 73746174 0 20202020 0 20202020 0 20202020 0 20202020 0 20202020 0 25622020 0 6269743d 0 206c6f77 0 3d25642e 0 5f6f7574 0 622c2064 0 203d2025 0 20646f72 0 3d25622c 0 65616479 0 696e5f72 0 645f 
_C_65c1_5e8190a8_1 84 0 c 0 0 fe0 
_C_2d742_5e812f9a_9 8c 0 108 0 0 533d2564 0 25622c20 0 6f75743d 0 622c2043 0 696e3d25 0 642c2043 0 20423d25 0 3d25642c 0 41 
_C_2d742_5e812f9a_7 8c 0 c0 0 0 533d2562 0 25622c20 0 2c20593d 0 313d2562 0 622c2049 0 49303d25 
_C_5b10_5e818e2a_2 8c 0 250 0 0 653d2562 0 73746174 0 20202020 0 20202020 0 20202020 0 20202020 0 20202020 0 25622020 0 6269743d 0 206c6f77 0 3d25642e 0 5f6f7574 0 622c2064 0 203d2025 0 20646f72 0 3d25622c 0 65616479 0 696e5f72 0 645f 
_C_65c1_5e8190a8_3 8c 0 2c8 0 0 6e3d2564 0 2c206469 0 633d2564 0 622c2073 0 74653d25 0 20737461 0 20202020 0 20202020 0 20202020 0 20202020 0 20202020 0 3d256220 0 77626974 0 2c206c6f 0 743d2564 0 645f6f75 0 25622c20 0 72203d20 0 2c20646f 0 793d2562 0 72656164 0 5f696e5f 0 64 
_C_2d742_5e812f9a_1 84 0 a 0 0 3e0 
_C_2d742_5e812f9a_4 84 0 8 0 0 e0 
_C_2e969_5e813120_2 8c 0 130 0 0 313d2562 0 2c20656e 0 653d2562 0 622c2072 0 77653d25 0 25642c20 0 6174613d 0 642c2044 0 64723d25 0 4164 
_C_2d742_5e812f9a_8 8c 0 88 0 0 443d2562 0 25622c20 0 20656e3d 0 3d25642c 0 49 
_C_2d742_5e812f9a_5 8c 0 80 0 0 533d2564 0 25622c20 0 2c20593d 0 493d2562 
_C_6aa5_5e81911e_1 84 0 d 0 0 1fe0 
_C_530a_5e818d68_2 8c 0 160 0 0 743d2562 0 6f776269 0 642e206c 0 75743d25 0 20645f6f 0 2025622c 0 6f72203d 0 622c2064 0 64793d25 0 5f726561 0 645f696e 
_C_5c7b_5e818e91_2 8c 0 288 0 0 633d2564 0 622c2073 0 74653d25 0 20737461 0 20202020 0 20202020 0 20202020 0 20202020 0 20202020 0 3d256220 0 77626974 0 2e206c6f 0 743d2564 0 645f6f75 0 25622c20 0 72203d20 0 2c20646f 0 793d2562 0 72656164 0 5f696e5f 0 64 
_C_2d742_5e812f9a_10 8c 0 f0 0 0 653d2562 0 622c2072 0 77653d25 0 25642c20 0 6174613d 0 642c2044 0 64723d25 0 4164 
_C_51d3_5e818d1e_2 8c 0 108 0 0 743d2564 0 645f6f75 0 25622c20 0 72203d20 0 2c20646f 0 793d2562 0 72656164 0 5f696e5f 0 64 
_C_2d742_5e812f9a_b 84 0 b 0 0 7e0 
_C_2d742_5e812f9a_6 84 0 9 0 0 1e0 
_C_2d742_5e812f9a_e 94 0 20 0 0 1 
