_C_1f1ee_5e852454_1 84 0 f 0 0 7fe0 
_C_14b9a_5e83efb3_1 84 0 e 0 0 3fe0 
_C_1f33a_5e852496_3 8c 0 530 0 0 3d202562 0 64477420 0 20776f72 0 3d25642c 0 6f756e74 0 6f726443 0 682c2077 0 61743d25 0 622c2070 0 75633d25 0 2020206e 0 20202020 0 20202020 0 20202020 0 20202020 0 64202020 0 203d2025 0 6e677468 0 615f6c65 0 2c20646e 0 3d202562 0 5f697420 0 6f756e64 0 732c2066 0 74653d25 0 20737461 0 20202020 0 20202020 0 20202020 0 20202020 0 20202020 0 3d256220 0 72726f72 0 622c2065 0 6e653d25 0 2c20646f 0 3d202562 0 745f4e20 0 72657365 0 25622c20 0 6164793d 0 7265 
_C_22a0d_5e852f24_3 8c 0 9f8 0 0 733d2562 0 2072655f 0 3d25622c 0 72655f70 0 20202020 0 20202020 0 20202020 0 20202020 0 20202020 0 25622020 0 5f70633d 0 2c20636c 0 633d2562 0 636c5f77 0 25622c20 0 5f70633d 0 2c20656e 0 633d2562 0 656e5f77 0 20202020 0 20202020 0 20202020 0 20202020 0 20202020 0 25642020 0 756e743d 0 6174436f 0 732c2070 0 74653d25 0 74537461 0 206e6578 0 3d25622c 0 6f746966 0 736d5f6e 0 20202066 0 20202020 0 20202020 0 20202020 0 20202020 0 62202020 0 47743d25 0 776f7264 0 25642c20 0 756e743d 0 7264436f 0 2c20776f 0 743d2568 0 2c207061 0 633d2562 0 20206e75 0 20202020 0 20202020 0 20202020 0 20202020 0 20202020 0 683d2564 0 656e6774 0 6e615f6c 0 622c2064 0 69743d25 0 756e645f 0 2c20666f 0 653d2573 0 73746174 0 20202020 0 20202020 0 20202020 0 20202020 0 20202020 0 25622020 0 726f723d 0 2c206572 0 653d2562 0 20646f6e 0 2025622c 0 5f4e203d 0 65736574 0 622c2072 0 64793d25 0 726561 
_C_1f9be_5e85257b_3 8c 0 650 0 0 3d202562 0 74696620 0 6d5f6e6f 0 20206673 0 20202020 0 20202020 0 20202020 0 20202020 0 20202020 0 3d202562 0 64477420 0 20776f72 0 3d25642c 0 6f756e74 0 6f726443 0 682c2077 0 61743d25 0 622c2070 0 75633d25 0 2020206e 0 20202020 0 20202020 0 20202020 0 20202020 0 64202020 0 203d2025 0 6e677468 0 615f6c65 0 2c20646e 0 3d202562 0 5f697420 0 6f756e64 0 732c2066 0 74653d25 0 20737461 0 20202020 0 20202020 0 20202020 0 20202020 0 20202020 0 3d256220 0 72726f72 0 622c2065 0 6e653d25 0 2c20646f 0 3d202562 0 745f4e20 0 72657365 0 25622c20 0 6164793d 0 7265 
_C_260d_5e7d5ad7_1 8c 0 360 0 0 2535642e 0 696d6520 0 61742074 0 256d2c20 0 666f7220 0 32352c20 0 696e6520 0 222c206c 0 6d2e7376 0 20226673 0 20202020 0 a202020 0 656e742e 0 6174656d 0 27207374 0 63617365 0 71756520 0 27756e69 0 20696e20 0 63686573 0 206d6174 0 74696f6e 0 6f6e6469 0 4e6f2063 0 6e673a20 0 61726e69 0 52542057 
_C_1393b_5e83ed96_2 8c 0 70 0 0 70617474 0 74312e67 0 74656d70 0 6174 
_C_21ac3_5e852b6d_3 8c 0 6d0 0 0 3d202573 0 61746520 0 78745374 0 2c206e65 0 3d202562 0 74696620 0 6d5f6e6f 0 20206673 0 20202020 0 20202020 0 20202020 0 20202020 0 20202020 0 3d202562 0 64477420 0 20776f72 0 3d25642c 0 6f756e74 0 6f726443 0 682c2077 0 61743d25 0 622c2070 0 75633d25 0 2020206e 0 20202020 0 20202020 0 20202020 0 20202020 0 64202020 0 203d2025 0 6e677468 0 615f6c65 0 2c20646e 0 3d202562 0 5f697420 0 6f756e64 0 732c2066 0 74653d25 0 20737461 0 20202020 0 20202020 0 20202020 0 20202020 0 20202020 0 3d256220 0 72726f72 0 622c2065 0 6e653d25 0 2c20646f 0 3d202562 0 745f4e20 0 72657365 0 25622c20 0 6164793d 0 7265 
_C_253c8_5e866507_2 8c 0 a98 0 0 633d2562 0 6c645f77 0 25622c20 0 5f70633d 0 2c206c64 0 733d2562 0 2072655f 0 3d25622c 0 72655f70 0 20202020 0 20202020 0 20202020 0 20202020 0 20202020 0 25622020 0 5f70633d 0 2c20636c 0 633d2562 0 636c5f77 0 25622c20 0 5f70633d 0 2c20656e 0 633d2562 0 656e5f77 0 20202020 0 20202020 0 20202020 0 20202020 0 20202020 0 25642020 0 756e743d 0 6174436f 0 732c2070 0 74653d25 0 74537461 0 206e6578 0 3d25622c 0 6f746966 0 736d5f6e 0 20202066 0 20202020 0 20202020 0 20202020 0 20202020 0 62202020 0 47743d25 0 776f7264 0 25642c20 0 756e743d 0 7264436f 0 2c20776f 0 743d2568 0 2c207061 0 633d2562 0 20206e75 0 20202020 0 20202020 0 20202020 0 20202020 0 20202020 0 683d2564 0 656e6774 0 6e615f6c 0 622c2064 0 69743d25 0 756e645f 0 2c20666f 0 653d2573 0 73746174 0 20202020 0 20202020 0 20202020 0 20202020 0 20202020 0 25622020 0 726f723d 0 2c206572 0 653d2562 0 20646f6e 0 2025622c 0 5f4e203d 0 65736574 0 622c2072 0 64793d25 0 726561 
_C_260d_5e7d5ad7_4 8c 0 550 0 0 2535642e 0 696d6520 0 61742074 0 696e6720 0 6c617070 0 6f766572 0 61726520 0 25356420 0 64202620 0 65202535 0 204c696e 0 20202020 0 a202020 0 256d2e20 0 666f7220 0 31382c20 0 696e6520 0 222c206c 0 722e7376 0 65636b65 0 6e5f6368 0 74746572 0 20227061 0 20202020 0 a202020 0 656e742e 0 6174656d 0 27207374 0 63617365 0 71756520 0 27756e69 0 20696e20 0 61746368 0 6e73206d 0 6974696f 0 636f6e64 0 6f6e6520 0 68616e20 0 72652074 0 3a204d6f 0 6e696e67 0 20576172 0 5254 
_C_328e7_5e857997_2 8c 0 50 0 0 70617474 0 5f312e67 0 5431 
_C_328e7_5e857997_1 8c 0 50 0 0 2e6e7563 0 5f315f4e 0 5431 
_C_14b9a_5e83efb3_3 8c 0 458 0 0 743d2568 0 2c207061 0 633d2562 0 20206e75 0 20202020 0 20202020 0 20202020 0 20202020 0 20202020 0 3d202564 0 67746820 0 5f6c656e 0 20646e61 0 2025622c 0 6974203d 0 756e645f 0 2c20666f 0 653d2573 0 73746174 0 20202020 0 20202020 0 20202020 0 20202020 0 20202020 0 25622020 0 726f723d 0 2c206572 0 653d2562 0 20646f6e 0 2025622c 0 5f4e203d 0 65736574 0 622c2072 0 64793d25 0 726561 
_C_1f9be_5e85257b_1 84 0 11 0 0 1ffe0 
_C_1393b_5e83ed96_3 84 0 c 0 0 fe0 
_C_32a0e_5e8579af_1 8c 0 50 0 0 2e6e7563 0 5f315f59 0 5431 
_C_22a0d_5e852f24_1 84 0 19 0 0 1ffffe0 
_C_223e5_5e852d96_3 8c 0 6e8 0 0 743d2564 0 436f756e 0 20706174 0 3d25732c 0 74617465 0 65787453 0 622c206e 0 69663d25 0 5f6e6f74 0 2066736d 0 20202020 0 20202020 0 20202020 0 20202020 0 20202020 0 3d256220 0 72644774 0 2c20776f 0 743d2564 0 436f756e 0 776f7264 0 25682c20 0 7061743d 0 25622c20 0 6e75633d 0 20202020 0 20202020 0 20202020 0 20202020 0 20202020 0 25642020 0 6774683d 0 5f6c656e 0 20646e61 0 3d25622c 0 645f6974 0 666f756e 0 25732c20 0 6174653d 0 20207374 0 20202020 0 20202020 0 20202020 0 20202020 0 20202020 0 723d2562 0 6572726f 0 25622c20 0 6f6e653d 0 622c2064 0 203d2025 0 65745f4e 0 20726573 0 3d25622c 0 65616479 0 72 
_C_260d_5e7d5ad7_3 8c 0 78 0 0 2e6d656d 0 46696c65 0 7465726e 0 706174 
_C_21ac3_5e852b6d_1 84 0 12 0 0 3ffe0 
_C_22530_5e852ddf_1 84 0 17 0 0 7fffe0 
_C_20dc5_5e8528b8_1 8c 0 78 0 0 2e6e7563 0 33283629 0 656d7074 0 617474 
_C_25026_5e8664c3_3 8c 0 aa8 0 0 743d2564 0 53746172 0 642c2077 0 72743d25 0 70537461 0 25622c20 0 655f733d 0 622c2072 0 5f703d25 0 20207265 0 20202020 0 20202020 0 20202020 0 20202020 0 20202020 0 633d2562 0 636c5f70 0 25622c20 0 5f77633d 0 2c20636c 0 633d2562 0 656e5f70 0 25622c20 0 5f77633d 0 2020656e 0 20202020 0 20202020 0 20202020 0 20202020 0 20202020 0 743d2564 0 436f756e 0 20706174 0 3d25732c 0 74617465 0 65787453 0 622c206e 0 69663d25 0 5f6e6f74 0 2066736d 0 20202020 0 20202020 0 20202020 0 20202020 0 20202020 0 3d256220 0 72644774 0 2c20776f 0 743d2564 0 436f756e 0 776f7264 0 25682c20 0 7061743d 0 25622c20 0 6e75633d 0 20202020 0 20202020 0 20202020 0 20202020 0 20202020 0 25642020 0 6774683d 0 5f6c656e 0 20646e61 0 3d25622c 0 645f6974 0 666f756e 0 25732c20 0 6174653d 0 20207374 0 20202020 0 20202020 0 20202020 0 20202020 0 20202020 0 723d2562 0 6572726f 0 25622c20 0 6f6e653d 0 622c2064 0 203d2025 0 65745f4e 0 20726573 0 3d25622c 0 65616479 0 72 
_C_260d_5e7d5ad7_2 8c 0 58 0 0 2e6d656d 0 46696c65 0 6e7563 
_C_1f1ee_5e852454_3 8c 0 4c8 0 0 743d2564 0 436f756e 0 776f7264 0 25682c20 0 7061743d 0 25622c20 0 6e75633d 0 20202020 0 20202020 0 20202020 0 20202020 0 20202020 0 25642020 0 68203d20 0 656e6774 0 6e615f6c 0 622c2064 0 203d2025 0 645f6974 0 666f756e 0 25732c20 0 6174653d 0 20207374 0 20202020 0 20202020 0 20202020 0 20202020 0 20202020 0 723d2562 0 6572726f 0 25622c20 0 6f6e653d 0 622c2064 0 203d2025 0 65745f4e 0 20726573 0 3d25622c 0 65616479 0 72 
_C_22530_5e852ddf_3 8c 0 8c8 0 0 633d2562 0 636c5f70 0 25622c20 0 5f77633d 0 2c20636c 0 633d2562 0 656e5f70 0 25622c20 0 5f77633d 0 2020656e 0 20202020 0 20202020 0 20202020 0 20202020 0 20202020 0 743d2564 0 436f756e 0 20706174 0 3d25732c 0 74617465 0 65787453 0 622c206e 0 69663d25 0 5f6e6f74 0 2066736d 0 20202020 0 20202020 0 20202020 0 20202020 0 20202020 0 3d256220 0 72644774 0 2c20776f 0 743d2564 0 436f756e 0 776f7264 0 25682c20 0 7061743d 0 25622c20 0 6e75633d 0 20202020 0 20202020 0 20202020 0 20202020 0 20202020 0 25642020 0 6774683d 0 5f6c656e 0 20646e61 0 3d25622c 0 645f6974 0 666f756e 0 25732c20 0 6174653d 0 20207374 0 20202020 0 20202020 0 20202020 0 20202020 0 20202020 0 723d2562 0 6572726f 0 25622c20 0 6f6e653d 0 622c2064 0 203d2025 0 65745f4e 0 20726573 0 3d25622c 0 65616479 0 72 
_C_223e5_5e852d96_1 84 0 13 0 0 7ffe0 
_C_1f33a_5e852496_1 84 0 10 0 0 ffe0 
_C_13ce1_5e83edb6_2 8c 0 338 0 0 3d202564 0 67746820 0 5f6c656e 0 20646e61 0 2025622c 0 6974203d 0 756e645f 0 2c20666f 0 653d2573 0 73746174 0 20202020 0 20202020 0 20202020 0 20202020 0 20202020 0 25622020 0 726f723d 0 2c206572 0 653d2562 0 20646f6e 0 2025622c 0 5f4e203d 0 65736574 0 622c2072 0 64793d25 0 726561 
_C_1d399_5e851fc9_1 8c 0 60 0 0 2e6e7563 0 6d707432 0 61747465 
_C_1393b_5e83ed96_1 8c 0 60 0 0 2e6e7563 0 6d707431 0 61747465 
_C_1393b_5e83ed96_5 8c 0 338 0 0 3d202564 0 67746820 0 5f6c656e 0 20646e61 0 2025622c 0 6974203d 0 756e645f 0 2c20666f 0 653d2562 0 73746174 0 20202020 0 20202020 0 20202020 0 20202020 0 20202020 0 25622020 0 726f723d 0 2c206572 0 653d2562 0 20646f6e 0 2025622c 0 5f4e203d 0 65736574 0 622c2072 0 64793d25 0 726561 
_C_260d_5e7d5ad7_5 94 0 20 0 0 1 
_C_25026_5e8664c3_1 84 0 1b 0 0 7ffffe0 
