_C_3ed12_5e5cb8d9_3 8c 0 108 0 0 3d202573 0 61746520 0 2c207374 0 3d202562 0 2c206120 0 3d202562 0 5f697420 0 6f756e64 0 66 
_C_1dfa_5e5cbbd1_2 8c 0 130 0 0 3d202562 0 735f4e20 0 7a65726f 0 756e6433 0 2c20666f 0 3d202573 0 61746520 0 2c207374 0 3d202562 0 6220 
_C_d2fc_5e5cc768_3 8c 0 270 0 0 3d202573 0 61746520 0 2c207374 0 3d202562 0 20673320 0 2025622c 0 6732203d 0 20202020 0 20202020 0 20202020 0 2c202020 0 3d202562 0 20673120 0 2025622c 0 7233203d 0 25622c20 0 32203d20 0 622c2072 0 203d2025 0 7231 
_C_2c041_5e5ca506_1 8c 0 388 0 0 2535642e 0 696d6520 0 61742074 0 256d2c20 0 666f7220 0 31342c20 0 696e6520 0 222c206c 0 312e7376 0 70726f62 0 22687736 0 20202020 0 20202020 0 6e742e0a 0 74656d65 0 20737461 0 61736527 0 75652063 0 756e6971 0 696e2027 0 68657320 0 6d617463 0 696f6e20 0 6e646974 0 6f20636f 0 673a204e 0 726e696e 0 54205761 0 52 
_C_d2fc_5e5cc768_1 84 0 c 0 0 fe0 
_C_2e3d6_5e5ca765_1 8c 0 388 0 0 2535642e 0 696d6520 0 61742074 0 256d2c20 0 666f7220 0 31352c20 0 696e6520 0 222c206c 0 322e7376 0 70726f62 0 22687736 0 20202020 0 20202020 0 6e742e0a 0 74656d65 0 20737461 0 61736527 0 75652063 0 756e6971 0 696e2027 0 68657320 0 6d617463 0 696f6e20 0 6e646974 0 6f20636f 0 673a204e 0 726e696e 0 54205761 0 52 
_C_31105_5e5ca9e4_1 8c 0 388 0 0 2535642e 0 696d6520 0 61742074 0 256d2c20 0 666f7220 0 31362c20 0 696e6520 0 222c206c 0 332e7376 0 70726f62 0 22687736 0 20202020 0 20202020 0 6e742e0a 0 74656d65 0 20737461 0 61736527 0 75652063 0 756e6971 0 696e2027 0 68657320 0 6d617463 0 696f6e20 0 6e646974 0 6f20636f 0 673a204e 0 726e696e 0 54205761 0 52 
_C_178a2_5e5cd0dc_2 8c 0 110 0 0 3d202573 0 61746520 0 2c207374 0 3d202562 0 70757420 0 2c20496e 0 3d202562 0 6f623120 0 5072 
_C_3ed12_5e5cb8d9_1 84 0 8 0 0 e0 
_C_e2a4_5e5cc802_2 8c 0 278 0 0 3d202573 0 61746520 0 2c207374 0 3d202562 0 20673320 0 2025622c 0 6732203d 0 25622c20 0 31203d20 0 20202067 0 20202020 0 20202020 0 20202020 0 25622c20 0 33203d20 0 622c2072 0 203d2025 0 2c207232 0 3d202562 0 723120 
_C_2c041_5e5ca506_2 94 0 20 0 0 1 
