_C_8089_5e2b31c8_3 8c 0 1a8 0 0 3d202562 0 69763320 0 622c2064 0 203d2025 0 72696d65 0 622c2070 0 203d2025 0 622c2064 0 203d2025 0 622c2063 0 203d2025 0 622c2062 0 203d2025 0 61 
_C_3f4a9_5e2d0fee_3 8c 0 d8 0 0 3d202562 0 70757420 0 206f7574 0 2025622c 0 2062203d 0 2025622c 0 61203d 
_C_40ad_5e2d1d69_3 8c 0 f0 0 0 3d202562 0 2c206620 0 3d202562 0 2c206320 0 3d202562 0 2c206220 0 3d202562 0 6120 
_C_31c9c_5e2bd4b6_1 84 0 c 0 0 fe0 
_C_3f4a9_5e2d0fee_1 84 0 8 0 0 e0 
_C_4947_5e2d1e69_1 84 0 d 0 0 1fe0 
_C_8089_5e2b31c8_1 84 0 b 0 0 7e0 
_C_40ad_5e2d1d69_1 84 0 9 0 0 1e0 
_C_31c9c_5e2bd4b6_3 8c 0 208 0 0 3d202562 0 69723020 0 622c2064 0 203d2025 0 64697231 0 25622c20 0 30203d20 0 206c6f63 0 3d202562 0 6f633120 0 622c206c 0 203d2025 0 622c2063 0 203d2025 0 622c2062 0 203d2025 0 61 
_C_4947_5e2d1e69_3 8c 0 228 0 0 3d202562 0 2c206620 0 3d202562 0 20663320 0 2025622c 0 6632203d 0 25622c20 0 31203d20 0 622c2066 0 203d2025 0 5f6e6f74 0 622c2062 0 203d2025 0 622c2063 0 203d2025 0 622c2062 0 203d2025 0 61 
