_C_f2ee_5e612008_3 8c 0 128 0 0 703d2562 0 2064726f 0 3d25642c 0 65646974 0 2c206372 0 6e3d2564 0 20636f69 0 3d25642c 0 74617465 0 73 
_C_102f7_5e612445_2 8c 0 128 0 0 703d2562 0 2064726f 0 3d25642c 0 65646974 0 2c206372 0 6e3d2564 0 20636f69 0 3d25732c 0 74617465 0 73 
_C_33de1_5e6096f1_1 8c 0 3b0 0 0 2535642e 0 696d6520 0 61742074 0 256d2c20 0 666f7220 0 33332c20 0 696e6520 0 222c206c 0 4d2e7376 0 616c4653 0 63747572 0 73747275 0 20202022 0 20202020 0 742e0a20 0 656d656e 0 73746174 0 73652720 0 65206361 0 6e697175 0 6e202775 0 65732069 0 61746368 0 6f6e206d 0 64697469 0 20636f6e 0 3a204e6f 0 6e696e67 0 20576172 0 5254 
_C_4ae0_5e614162_4 8c 0 3d0 0 0 2562200a 0 30203d20 0 622c2073 0 203d2025 0 2c207331 0 3d202562 0 20733220 0 2025622c 0 7333203d 0 25622c20 0 34203d20 0 622c2073 0 203d2025 0 2c207335 0 3d202562 0 20733620 0 20202020 0 20202020 0 20202020 0 2c200a0a 0 3d202562 0 63643020 0 622c2062 0 203d2025 0 62636431 0 25622c20 0 32203d20 0 20626364 0 2025622c 0 6433203d 0 6263 
_C_4ae0_5e614162_1 8c 0 5d0 0 0 2535642e 0 696d6520 0 61742074 0 696e6720 0 6c617070 0 6f766572 0 61726520 0 25356420 0 64202620 0 65202535 0 204c696e 0 20202020 0 a202020 0 256d2e20 0 666f7220 0 20382c20 0 6c696e65 0 76222c20 0 6e742e73 0 65676d65 0 76656e53 0 746f5365 0 2f424344 0 61622d32 0 34302d4c 0 2f313832 0 20222e2e 0 20202020 0 a202020 0 656e742e 0 6174656d 0 27207374 0 63617365 0 71756520 0 27756e69 0 20696e20 0 61746368 0 6e73206d 0 6974696f 0 636f6e64 0 6f6e6520 0 68616e20 0 72652074 0 3a204d6f 0 6e696e67 0 20576172 0 5254 
_C_4ae0_5e614162_2 84 0 10 0 0 ffe0 
_C_f2ee_5e612008_1 84 0 9 0 0 1e0 
_C_37614_5e60a7d2_1 8c 0 3a0 0 0 2535642e 0 696d6520 0 61742074 0 256d2c20 0 666f7220 0 37342c20 0 696e6520 0 222c206c 0 4d2e7376 0 63744653 0 73747261 0 20226162 0 20202020 0 a202020 0 656e742e 0 6174656d 0 27207374 0 63617365 0 71756520 0 27756e69 0 20696e20 0 63686573 0 206d6174 0 74696f6e 0 6f6e6469 0 4e6f2063 0 6e673a20 0 61726e69 0 52542057 
_C_33de1_5e6096f1_2 94 0 20 0 0 1 
_C_11054_5e61267c_1 8c 0 c8 0 0 652f6462 0 65726167 0 2f636f76 0 736e7073 0 7664622f 0 696d762e 0 73 
